#Index 	 X 	 Z 	 Xwidth 	 Zwidth 
1	38.0	27.0	3.0	3.0	0	[1, 1]	[1, 2]	[2, 1]
2	38.0	34.0	3.0	3.0	0	[1, 1]	[2, 1]
3	39.0	40.0	3.0	3.0	0	[1, 1]
4	39.0	47.0	3.0	3.0	0	[1, 1]
5	39.0	53.0	3.0	3.0	0	[0, 0]	[0, 1]	[1, 0]	[1, 1]	[1, 2]	[2, 0]	[2, 1]	[2, 2]
6	39.0	60.0	3.0	3.0	0	[1, 1]
7	39.0	66.0	3.0	3.0	0	[1, 1]	[1, 2]
8	39.0	73.0	3.0	3.0	0	[1, 1]
9	39.0	79.0	3.0	3.0	0	[1, 1]
10	39.0	86.0	3.0	3.0	0	[1, 1]
11	45.0	27.0	3.0	3.0	0	[1, 1]
12	45.0	34.0	3.0	3.0	0	[1, 1]
13	45.0	40.0	3.0	3.0	0	[1, 1]	[1, 2]
14	45.0	47.0	3.0	3.0	0	[1, 1]
15	45.0	53.0	3.0	3.0	0	[1, 1]	[1, 2]
16	45.0	60.0	3.0	3.0	0	[1, 1]
17	45.0	66.0	3.0	3.0	0	[1, 1]	[1, 2]
18	45.0	73.0	3.0	3.0	0	[1, 1]
19	45.0	79.0	3.0	3.0	0	[1, 1]	[1, 2]
20	45.0	86.0	3.0	3.0	0	[1, 1]
21	51.0	27.0	3.0	3.0	0	[1, 1]	[1, 2]	[2, 1]
22	51.0	34.0	3.0	3.0	0	[1, 1]
23	51.0	40.0	3.0	3.0	0	[1, 1]	[1, 2]	[2, 1]
24	51.0	47.0	3.0	3.0	0	[1, 1]	[2, 1]
25	51.0	53.0	3.0	3.0	0	[1, 1]	[1, 2]	[2, 1]
26	51.0	60.0	3.0	3.0	0	[1, 1]	[2, 1]
27	52.0	66.0	3.0	3.0	0	[1, 1]
28	52.0	73.0	3.0	3.0	0	[0, 1]	[1, 0]	[1, 1]
29	52.0	79.0	3.0	3.0	0	[1, 1]
30	52.0	86.0	3.0	3.0	0	[0, 1]	[1, 0]	[1, 1]
31	58.0	27.0	3.0	3.0	0	[1, 1]
32	58.0	34.0	3.0	3.0	0	[1, 1]
33	58.0	40.0	3.0	3.0	0	[1, 1]
34	58.0	47.0	3.0	3.0	0	[1, 1]
35	58.0	53.0	3.0	3.0	0	[1, 1]
36	58.0	60.0	3.0	3.0	0	[1, 1]
37	58.0	66.0	3.0	3.0	0	[1, 1]
38	58.0	73.0	3.0	3.0	0	[1, 1]
39	58.0	79.0	3.0	3.0	0	[1, 1]
40	58.0	86.0	3.0	3.0	0	[1, 0]	[1, 1]
41	64.0	27.0	3.0	3.0	0	[1, 1]
42	64.0	34.0	3.0	3.0	0	[1, 1]
43	64.0	40.0	3.0	3.0	0	[1, 1]
44	64.0	47.0	3.0	3.0	0	[1, 1]
45	64.0	53.0	3.0	3.0	0	[1, 1]	[1, 2]
46	64.0	60.0	3.0	3.0	0	[1, 1]
47	64.0	66.0	3.0	3.0	0	[1, 1]	[2, 1]
48	64.0	73.0	3.0	3.0	0	[1, 1]	[2, 0]	[2, 1]
49	65.0	79.0	3.0	3.0	0	[0, 1]	[1, 1]
50	65.0	85.0	3.0	3.0	0	[0, 1]	[0, 2]	[1, 1]	[1, 2]
51	71.0	27.0	3.0	3.0	0	[0, 1]	[1, 1]
52	70.0	34.0	3.0	3.0	0	[1, 1]	[2, 0]	[2, 1]
53	71.0	40.0	3.0	3.0	0	[1, 1]
54	71.0	47.0	3.0	3.0	0	[0, 1]	[1, 1]
55	71.0	53.0	3.0	3.0	0	[1, 1]
56	71.0	59.0	3.0	3.0	0	[1, 1]	[1, 2]
57	71.0	66.0	3.0	3.0	0	[1, 1]
58	71.0	73.0	3.0	3.0	0	[1, 0]	[1, 1]
59	71.0	79.0	3.0	3.0	0	[1, 1]
60	71.0	86.0	3.0	3.0	0	[1, 0]	[1, 1]
61	77.0	27.0	3.0	3.0	0	[1, 1]
62	77.0	34.0	3.0	3.0	0	[1, 0]	[1, 1]
63	77.0	40.0	3.0	3.0	0	[1, 1]
64	77.0	47.0	3.0	3.0	0	[1, 1]
65	77.0	53.0	3.0	3.0	0	[1, 1]
66	77.0	60.0	3.0	3.0	0	[1, 1]
67	77.0	66.0	3.0	3.0	0	[1, 1]
68	77.0	73.0	3.0	3.0	0	[1, 0]	[1, 1]
69	77.0	79.0	3.0	3.0	0	[1, 1]
70	77.0	85.0	3.0	3.0	0	[1, 1]	[1, 2]	[2, 1]
71	83.0	27.0	3.0	3.0	0	[0, 1]	[0, 2]	[1, 1]	[2, 0]	[2, 1]	[2, 2]
72	83.0	34.0	3.0	3.0	0	[1, 1]
73	84.0	40.0	3.0	3.0	0	[0, 1]	[1, 1]
74	83.0	47.0	3.0	3.0	0	[1, 1]
75	84.0	53.0	3.0	3.0	0	[0, 1]	[1, 1]
76	83.0	60.0	3.0	3.0	0	[1, 0]	[1, 1]	[2, 0]	[2, 1]
77	84.0	66.0	3.0	3.0	0	[0, 1]	[1, 1]
78	84.0	72.0	3.0	3.0	0	[0, 2]	[1, 1]	[1, 2]
79	84.0	79.0	3.0	3.0	0	[1, 1]
80	84.0	85.0	3.0	3.0	0	[1, 1]
81	90.0	27.0	3.0	3.0	0	[1, 1]
82	90.0	34.0	3.0	3.0	0	[1, 0]	[1, 1]
83	90.0	40.0	3.0	3.0	0	[1, 1]
84	90.0	46.0	3.0	3.0	0	[1, 1]	[1, 2]
85	90.0	53.0	3.0	3.0	0	[1, 1]
86	90.0	59.0	3.0	3.0	0	[1, 1]	[1, 2]
87	90.0	66.0	3.0	3.0	0	[1, 1]
88	90.0	72.0	3.0	3.0	0	[1, 1]
89	90.0	79.0	3.0	3.0	0	[1, 1]
90	90.0	85.0	3.0	3.0	0	[1, 1]	[1, 2]
91	96.0	27.0	3.0	3.0	0	[1, 1]
92	96.0	33.0	3.0	3.0	0	[1, 1]	[1, 2]	[2, 1]
93	96.0	40.0	3.0	3.0	0	[1, 1]
94	96.0	46.0	3.0	3.0	0	[1, 1]	[1, 2]	[2, 1]
95	96.0	53.0	3.0	3.0	0	[1, 1]
96	97.0	59.0	3.0	3.0	0	[0, 1]	[0, 2]	[1, 1]
97	96.0	66.0	3.0	3.0	0	[1, 1]	[2, 1]
98	97.0	72.0	3.0	3.0	0	[0, 1]	[0, 2]	[1, 1]
99	96.0	79.0	3.0	3.0	0	[1, 1]	[2, 1]
100	97.0	85.0	3.0	3.0	0	[0, 1]	[1, 1]
